2
8
9
28
65
126
217
224
243
280
343
432
512
513
728
729
730
737
756
793
854
945
1072
1216
1331
1332
2198
2205
2224
2709
2745
2926
2960
3197
3375
3528
3591
4096
4394
4977
5642
6048
6244
6561
6641
6860
6923
7075
7588
8000
8001
8064
8125
8216
8729
9000
9009
9056
9261
9386
9477
9604
10261
10712
10745
10991
11160
12005
12175
12194
12376
12845
13167
13392
13824
15542
18522
19691
19710
20538
20683
24886
28331
28728
28811
29302
31213
32769
32832
32893
33280
34496
35000
36556
39167
39368
40635
41958
42625
42679
43400
44935
45136
46657
46720
46999
47656
48104
48853
49400
50661
50752
50869
51165
51382
51984
53523
54929
55566
59320
59768
61256
64064
65000
67375
68922
69832
70252
70649
71665
76167
79002
85192
86184
86319
86912
89280
91126
91854
92043
92456
92853
93310
94500
95832
101773
103292
103304
103824
104039
104552
110600
110656
110935
111104
111321
112320
114471
115514
118592
119574
123506
124416
128212
128297
132867
133982
136640
136747
140672
141337
141778
141939
143127
143360
143983
154105
157248
157465
158193
158795
161560
164304
166257
166591
166725
167706
175616
177023
178542
186921
187390
189007
195120
196840
201717
212193
216125
217000
217835
222112
227106
227197
227493
227710
228068
235846
238336
238392
241703
243000
251937
253981
254800
258011
268119
281528
284921
286300
292201
311885
324317
328509
328517
329021
329840
345744
358036
361286
362007
367813
373249
373760
373977
374579
389081
399665
405567
406224
409320
410137
413224
437248
439040
439192
440704
441161
442351
443095
456876
457262
464533
482608
494884
517427
524167
572299
601965
605017
614341
619038
622125
637387
650503
689472
700056
721240
733913
753389
753571
756000
784933
808453
810189
827099
828746
837125
859103
874951
881764
895482
896679
919532
926497
932356
941192
948610
963144
971299
979560
1000027
1000064
1001728
1003625
1009261
1010009
1010113
1015280
1031030
1033676
1034397
1049237
1062208
1062936
1079507
1091853
1093070
1093456
1101988
1103375
1116080
1124928
1125080
1128673
1130129
1132651
1160801
1187416
1193785
1225051
1260441
1271699
1332331
1335096
1336832
1339219
1351649
1367639
1367756
1368143
1374490
1392020
1412360
1414189
1426880
1440413
1452158
1459800
1481571
1485640
1492192
1511818
1522577
1536416
1556812
1559584
1568896
1580194
1600382
1602342
1606526
1634941
1643059
1644760
1670032
1671488
1681472
1689255
1740167
1771777
1787877
1816360
1817179
1835561
1848411
1861867
1862504
1868867
1876238
1915739
1929788
1953126
1953250
1953854
1971459
1977514
1980125
2070335
2100527
2121541
2126943
2138318
2252187
2280859
2292264
2299976
2310616
2352645
2361898
2448979
2460500
2500561
2524375
2531081
2550249
2590965
2638720
2643697
2644432
2681146
2698703
2701244
2744000
2818088
2818270
2887677
2953125
2954527
3001320
3052721
3068667
3112200
3117049
3131819
3165875
3308461
3309280
3363057
3371949
3375008
3379096
3450951
3507651
3568257
3588436
3600415
3617514
3655665
3713173
3745827
3872752
3989421
4066875
4096343
4360538
4363515
4557527
4657490
4657588
4712335
4749632
4826873
5053790
5269752
5367375
5463136
5548608
5564916
5639816
5643127
5724936
5778577
5949424
6028568
6033564
6104016
6128487
6204184
6302989
6333327
6543936
6644736
6671672
6758128
6794144
6968087
6971967
6978519
6994871
7027190
7156672
7190785
7228816
7414902
7519239
7672840
7795160
7880663
7947585
8000027
8005599
8012167
8144990
8217937
8305794
8374688
8541043
8543171
8551368
8751808
9010351
9036118
9261000
9755109
9938383
10088344
10093321
10470824
10510318
10539396
10691821
11100215
11128871
11200159
11634301
11743739
11794536
12008997
12055645
12059642
12094173
12168000
12168331
12170375
12180616
12329135
12405328
12561256
12774337
12806801
12830168
12982788
13640562
14077028
14192171
14298284
14553784
14595705
14715386
14881741
15128542
15268617
15285760
15298829
15299648
15384896
15459696
15626728
15630832
15637167
15684319
15823899
15872570
16389389
16490887
16581383
16585471
16730252
16985241
17270848
17330976
17438750
17551674
18402488
18424133
18609841
19308151
19339957
19465173
20035162
20134296
20162952
20256299
20272525
20389292
20522033
20843531
21024584
21025088
21719367
22472424
22480640
22765799
22810366
23246461
23407480
24206490
24270220
24642235
25311221
25371171
26119529
26463717
27085184
27543608
28687321
30177567
30367727
30371544
30962519
30967144
30983533
31038651
31905666
31995621
32160807
32242616
32290083
32602367
32783625
33145082
34681913
34737101
35420203
36247589
36269604
36413568
38273096
38626639
40008547
41519072
42875001
45118017
45119016
45356344
46269279
46555775
46761318
48237805
49457863
50629509
50744125
51058224
51086763
51091976
51986242
52329249
52338013
52735375
52736103
53637505
54439966
55306342
55307070
56635271
58289112
59602088
59981850
61629939
61733698
62100864
62617429
62691083
63052792
63202256
63466667
63929528
64527857
64966139
66430637
66596500
67135094
71506143
71912351
76816278
77623208
77972132
78447187
78953653
84616686
85223304
85275125
85768865
85779945
91125729
91363328
97636763
98884854
99897345
100270592
100548721
100655217
102135059
102643840
105824817
110398113
110943352
116572183
117659169
119199311
127871217
132182288
132663167
137604096
141769990
142524144
145600497
152300304
153130887
153227711
153997515
154148120
158346253
168196616
168199983
169193024
170031465
171169875
171658844
177621977
183250775
193829552
202700979
207025030
209585915
209631240
209822912
213434676
214452736
217108801
220452687
221477893
228099139
232718967
236029544
253214656
257356792
269671320
281849113
287500096
307274751
324282413
335722058
352044693
352183312
364400829
369094852
374980977
389331432
395446905
463332814
464693138
495370204
514558457
515953431
597011688
612057385
636056027
636159823
642997791
665302939
707433155
751128733
768576296
783778177
804389768
860524327
971077688
1021151439
1062109538
1198143576
1489530904
1853285896
1972185111
2126782168
2187679949
2326242429
3061273033
3080420252
3192369336
4181312178
4561024104
6088626304
6455657880
19100038249
38000919112
