128
432
559
855
2240
3744
4706
5096
5824
6244
7560
9056
12005
12376
14911
15542
17822
20951
21672
23058
24696
27133
28485
40850
41769
45136
47788
50752
51569
67319
69832
72000
85339
90155
92043
113084
133000
138824
140651
168112
199017
217546
229824
235683
239148
240805
274436
288449
292201
301320
314587
346085
358625
362683
375487
397637
413406
435015
446264
460928
478485
486324
498941
544768
601578
641125
675360
688294
714240
857584
863352
935389
1020952
1035937
1039304
1054872
1063069
1100512
1116080
1125495
1157632
1255016
1260980
1264347
1289043
1390319
1589796
1600382
1660932
1697904
1862504
1866501
1901032
1915739
1953280
2003778
2122471
2197342
2307410
2312091
2359287
2407509
2529296
2534463
2635353
2640274
2867221
2882728
2894346
3077109
3112625
3133809
3186224
3345615
3376870
3609144
3655665
3726352
3731771
4117015
4583250
4632733
4671632
4826816
4832757
4859281
4924145
5053608
5179573
5192271
5562368
5618151
5839162
6232310
6333327
6340096
6370112
6575464
6696667
6868918
7346521
7450261
7763022
7794250
8656039
8674857
8842106
9010351
9534539
9940952
9949221
10095839
10555344
11098512
11606625
11617606
11759176
11863458
11913083
12009816
12235970
12492766
13240019
13867919
14029379
14410816
14459984
14486920
14544019
14776831
14891318
15082048
15274602
16389389
16410277
16582176
16592443
17179972
17423559
17863496
18017909
19121859
19970496
20573398
21541429
22190328
22438088
23023098
23423750
23889950
23997814
24576545
25934519
26498836
26975592
27018395
27831104
27858040
28587503
28660121
28940112
28967048
29041633
29057840
29832138
31855259
33125911
33319368
33532694
34974485
35477783
35616061
35692776
35954289
36358875
36468441
36703667
40040838
40458221
41065495
41080832
41200623
42517440
44392201
45523240
45888310
47149039
49433120
50755409
50836113
51503787
51521344
53173351
53285743
53631928
54932978
55310976
56181944
58024456
58063824
59338421
59812039
60369175
60989859
61379929
62670923
63082773
64274770
64493039
65393874
67950584
68303879
68429312
69433000
70040656
73104417
73216682
74152763
75169829
75702816
81235693
81257624
82339208
82884662
84134925
85865472
87350888
91709865
92369907
97407548
100345574
100626344
100927645
101853199
102224997
103161735
105168583
105517412
108603747
109592541
113739795
114813125
122200048
124284680
124336576
126582085
126844228
128233826
130466889
132009185
135217728
140859567
143913042
149066190
152276812
152787068
155854153
159225157
166381822
167287673
168314452
171984176
172879616
186488029
198198576
199185588
201231926
209858857
212801463
213868900
217092727
223006021
230702472
236405988
237186657
244161640
248864168
248968181
253766968
262176831
268349696
269595837
270845848
270917136
272135052
281021293
283821291
289449125
296080001
299559176
306422830
322862022
325724247
338714432
351923500
356666473
370162709
379479184
381231424
384563800
394908787
400416256
404044424
415178784
423603000
428864401
435944782
437335360
448571816
449055880
451226657
455848120
467300223
486722609
493122194
498090194
539883253
545338872
547386896
561524607
582341795
584698331
586737431
592837810
605497814
611997192
614051720
614208140
618923123
619670051
649462716
658641013
695560229
698430663
707893207
712192663
729375920
734118320
766067400
776862424
784342097
794024478
801981973
814794309
816577181
843474807
865545408
879709285
901435346
919080188
932577464
935949833
958595832
974791125
979703296
994012957
1021620024
1042621333
1049851656
1054984049
1067508784
1145740421
1164310651
1164659526
1165187179
1187939376
1194458951
1225193086
1260085932
1324631798
1326069414
1327405456
1349296739
1349369280
1397465029
1401211448
1443165689
1493374967
1493606816
1502020793
1582366968
1589338296
1605786281
1664049032
1723705139
1736734545
1771583273
1820422296
1820505463
1833768692
1874700800
1883655200
1926425648
2029111434
2082465576
2098170380
2113227272
2117861928
2233392616
2258420948
2258511255
2268749014
2337602463
2449460699
2477061547
2478627592
2565747784
2594114117
2833174512
2918083239
2973899656
2992213504
3061268476
3067692264
3118675203
3125179853
3294652975
3376496907
3395595896
3449810000
3539610538
3546683712
3667383421
3767443750
3869917884
4004614376
4111447193
4165628311
4235952113
4251902067
4259408599
4362945545
4378965283
4557782801
4575295179
4674324375
4674449836
4699499688
4710069875
4775694112
4939102224
5079587975
5133160753
5150884088
5195699803
5232001375
5442605443
5517251224
5535850763
5698651049
5706776000
6090087708
6108899742
6239722313
6261230313
6280437897
6375455352
6476546106
6783665336
6893994861
6967873477
7000872095
7077924126
7177970176
7335379513
7437985434
7566958035
7587426427
7703735507
7716221543
7845025608
8243824778
8439880043
8653013945
8678631339
8755128053
8831236400
8882720875
9104599287
9287888220
9318526308
9353919069
9883022625
9981022744
10176082784
10204434539
10662526784
10955934936
10962072576
10985531984
11119561614
11852388639
11915202195
12199071178
12295601955
12326392637
12945210516
13227981760
13228378056
13397554352
13413458968
13452074272
13464288745
13998503673
14527121966
14544768728
14763654360
14941674872
15000082666
15124257792
15125981696
15142597561
15160952168
15383650256
15587638569
15983969995
16175150784
16330791232
16581998797
16719042033
17193635648
17354786048
18150290459
18297969760
18738310500
18821829179
19486826639
19969033896
20035063916
20079323854
20102439357
20435992605
21671051059
22117062519
22259588897
23271374035
24846101588
25464321694
25833798172
25882025085
26946624581
26974688608
28066868999
28346637592
28934550134
29020247360
30342750032
30959365619
31915540539
32158063483
32584094354
34391677264
34614104525
35030028943
36002756062
36166452777
37662750818
38648800125
40248529776
40318670041
41818849037
43577167536
44588376378
48032588296
48627170137
48668906923
49309765903
49511988295
49512344336
49598450496
51811783506
52316034283
52439738680
54182093238
55310242057
57468987424
57601905256
60007161825
60420959746
62760166245
63765589160
64481201273
66086269984
67570060096
67717757907
68418000378
71010678375
71217828136
72410631804
72720639341
77200002532
77308785918
77581623744
77964500852
79342838792
80118733968
81070295670
83453687865
84778164891
85941273600
85942181528
86175527165
87883740125
89975628288
94525645032
98804214656
99317328201
99639229076
105423098996
106227184518
113591473632
113731688581
122024764540
122763473209
126581694967
128940913276
132651388051
133198133768
133354622464
140770318338
142319529856
143143195384
144456654608
145199838231
148961604519
150145083144
156417023987
157464064583
157730149808
160811704989
166467345408
168929032034
169020691803
174115066951
183056926312
185681764792
190208627847
196733541375
200510191917
213311322299
217624062077
224536558437
225755358113
226871897317
229783353211
232381518427
233177331520
238674215711
250166095488
258963723109
261039882473
268336336849
275259575591
276276073255
278701043355
299015774584
304142468168
309464625043
309601859840
334978383509
342853281944
343735534016
346837017625
351149114755
363688850728
364300434596
364453437663
370765251640
374026146536
383448356165
391260891922
393350320601
396417467250
401457720699
422550564904
428832017875
437245486162
455111544699
466205508902
477111967229
515271248648
540546825329
559681603000
560699642594
618252935040
619995922784
629202575296
634282614196
642735890732
667856844928
671534690112
674526896153
700701989841
703069668630
717158016848
718119676512
723667075200
793765660968
799695609894
802024783072
816613897736
828465172759
857647097792
862529837624
867978068321
918897105754
921452207312
1031219363232
1034592059772
1116448593973
1183280085351
1189668548411
1238487215680
1263566336816
1286848396288
1319057052824
1334997295344
1363939244201
1387688326577
1404551861440
1504272293830
1529222496256
1532011108439
1542802206736
1598329984778
1627209865017
1708204081241
1738822547917
1747948510637
1770243636736
1790957538935
1831072508433
1966750332904
2059532178704
2094695431253
2254790470536
2463657106057
2655593605960
2660195931743
2718209235931
2747529530597
2907064384560
2971079634852
2985984799063
3036656814793
3100002189381
3152597338072
3440899402577
3565449171648
3694402369287
3731808885273
3792768637285
4037148605945
4387586210000
4411750954491
4519131746624
4598312689152
4762831602347
4785797914443
4806274592224
4900871994802
5201097631821
5504916877768
5893450960985
6079390625000
6297803811208
6507781390684
6947101224791
7039251785881
7058001814045
7070149833192
7483530824702
7515714717595
7867538883451
8338263827157
8635313305316
8677049529960
8749456705829
9654072780800
10381632529520
10790931910129
11009201802346
11147855842097
11274081698971
12007415852539
12817832672808
13090862248119
13212881220672
13413413504367
14083078379608
14242881154831
14673735322337
15223489227863
16433559458190
16889534156791
17832769086125
19410888675808
19608736007198
19878286019373
20163625874938
20440468359450
20794606577136
20855919259000
21004015801013
22185672270229
22638767905091
22706057562496
22942618522551
27396121696398
28470413574233
29090234260360
32166535849000
33829911742384
35933734543896
37387023174926
38072087834527
38381885019107
38996155266831
39697187948341
42355264374612
43859998321776
45802016120448
48559215941171
50027223826909
52992141017032
59703118152568
62480979949752
65743599024152
68764785301576
72245988989629
73966350772664
75103376479992
75509965452096
81036586350369
82961722097800
87215312238679
88097364162106
96349072804299
101507723599932
102753122153877
106496424420568
110350256988608
113260475534843
115900207297000
115935866704125
117037806464033
118132261252733
122312001245464
133424997526448
134619208724000
137013019932600
142097726551312
157989463429707
161113509226908
172994909280823
175964326443584
181658078270487
182815234946064
200232434126032
203785360852304
212327413532801
214943327792613
259266911255352
263374721153299
264906157535864
279662111520805
303532190664768
356657257868407
361872630924239
391692941567963
413094135888252
421082374271552
442259143335360
473002270233535
527847144428032
541263671913806
574353538868590
580031106294913
631982137140991
659820884517730
698407114543957
709398162404064
766588447819089
798894595186688
861524150476024
998231044099016
1109425041121761
1116093485817856
1141559299184831
1143165697545601
1147993933314907
1208868580226097
1213914096300808
1244516996283275
1288020011906511
1298632279794757
1444736518889671
1464184609911576
1764148376115125
1800486582103685
2462015614531725
2535763525353205
2556797039943552
2629729176204160
2769480081898264
3032694852971112
3074114938431080
3505158249614343
3617724383474103
3621826456760456
3676865097314584
3709334816331885
3843701128277855
3856081375312712
3994476138997379
4606197054771251
4634742623857992
4799442324069666
4928275003554964
5126528458409715
5235936258693294
5775998612260933
6887413746355592
8180987960327429
8353193894992000
8799741307836549
9732220621133816
9843133793858125
14601032460184016
14930186240782349
19655238162477015
19935798313701088
21229312503894671
23908779985567958
24339078701951897
27792795409374268
30237191240268971
32735754585817920
35439462909455605
36188818202167624
37263385469244807
38585347106096917
38984081946048421
43584106255884901
44936899676701920
61760560188313784
64304802602040609
67082278605142528
86135385667375135
94547718297540963
102095731489627008
121290315330255652
121473444044632960
125645357455345448
130566905258195168
130951791382243328
144357766367668282
147289133188805679
148064434616637441
182689639271050184
190123261588377514
216773120570763176
275172923997492274
279660828557249288
333027274462920128
382783688179718490
556643577389422544
586735718326180731
699650016382956123
761206052419637552
805849875135342947
972379277005079853
1239753925842936777
1275174819357894567
1410886021676777009
1540034605074728987
1617459344019691774
3012800880309924825
3065389433252497307
3076589219693022803
3367924200650744000
3639195501055724232
3937104295255200349
4055339133360801559
5244851505612595968
5670996081411584329
6212222973814693043
6252364393102373247
7714282575027511000
8367615388700142400
8961415375549038255
9136197374936597667
10082245644484641432
10250867173416986772
10285235479406490505
12245661935113982921
15001148209196246607
15823251366050810673
15989637782852342000
28186166332982026999
29542545057304861309
36598997603218770811
42309241648603989605
46320456742413548959
53723720192516542441
72713210650199539784
80141816671217787122
87317243923488900776
104744813420860655355
110284080141949574744
111841388547901281631
121326264623286946909
132370991521493437440
138995132411322939752
139633655600424913048
140157778667012785819
271142664379964670312
321706939635124550507
505206779606018065359
522953808413651170920
640675140590901652516
699433465902289338898
731078163621983533895
768250878701255401104
771761641252099062392
996623706928377583125
1172649356245754957864
1318958398217167326047
1891462882201144838873
1957449594157060194191
2338962740838566333757
3032152445703110789449
3958914451283697470920
6003265608943545155374
7127962243765937369586
7606037101459987185875
9446094118913957063615
11041504400895611708520
11513134169216272045376
18749847066513430036400
18900787484800178751241
23524199100259291359891
30236160504813848921000
50347558264274562262104
72989400055604831140888
76459515769830460878009
86086028820193638286752
147029733734909055244389
214487537157302719790025
237195384570855456485824
276562463280783551882640
327885670334907149590125
434654223481649668318523
486381041225215541382943
620561094525474829572608
872777644537116443191976
1869614400290809866797035
5774817558965283354855609
6663520759657179381376448
6942807582404747722977224
11733905548480679685784845
17028264281271137851542201
79046263746208026715999097
90790225108960966225914277
204595088989976352474536513
301372387498477989204846517
42157291190496593732209862082
53991937581022028625242886063
993569306365991273901178099419
1580680902845746500880909707584
27052262425540786895881127922421615303
